0 0 0 1 0 0 0 0 0 0 0 0 0 0 0 0 0 0
0 0 1 0 0 4 2 0 0 0 0 0 0 0 0 1 0 0
0 1 5 0 1 2 0 0 0 0 0 0 0 0 0 0 0 0
0 0 0 14 0 8 1 0 16 1 0 0 1 1 0 1 0 0
0 0 0 5 6 10 1 0 17 0 0 0 0 0 3 0 0 0
0 1 0 13 18 137 12 0 3 1 0 1 0 0 1 5 2 0
0 0 0 2 2 11 8 0 3 0 0 0 0 0 2 5 3 0
0 0 0 0 0 0 0 0 0 0 0 0 0 0 0 0 0 0
1 6 3 7 8 8 3 0 18 1 0 0 0 1 1 0 0 0
0 0 0 0 0 2 0 0 0 0 0 0 0 1 0 0 0 0
0 0 0 0 0 0 0 0 0 0 0 0 0 0 0 0 0 0
0 0 0 0 0 0 1 0 0 0 0 13 0 0 0 0 0 0
0 0 0 1 0 0 0 0 0 0 0 0 1 0 0 0 0 0
0 0 0 0 0 3 0 0 0 0 0 0 0 4 0 0 0 0
0 0 0 0 3 2 2 0 0 0 0 0 0 0 48 0 0 0
0 0 0 0 1 5 4 0 0 0 0 0 0 0 0 2 2 0
0 0 0 0 3 2 1 0 0 0 0 0 0 0 0 0 209 0
0 0 0 0 0 0 0 0 0 0 0 0 0 0 0 0 0 0
